Cu
2.5239014754888807
1.5560275040282197
21.124827179893902
21.284881302717416
8.072155972911617
4.2692729284056785
0.387100276880903
0.5629761660915177
0.3087456041918814
0.7574712435806876
-2.1690223631058174
-0.2648680832669004
1.092479839564537
-0.8205200353741541
-2.2467595899445563
2.5233809451406717e-05
0.5606971997514539
-2.101004182761739
0.31042099282537566
-2.187738888448069
29
63.546
-2.090461536875313
4.2692729284056785
0.7574712435806876
0.852259948613518
1.15
1.1247426372272675
2.5581165366702776
2.5603589311634747
2.1815672968493303e-05
2.6509421241146262e-06
-1.092741903550136e-05
8.206173179629642e-05
0.00021977359846127634
1.0036278747669436e-05
5.6169828855308014e-05
0.0002118005341514981
0.00021016178379662772
0.0003093908176547553
0.00021080320708546411
1.15
1.1493995400757078
2.564609845200664
2.567448551313158
-0.0002179299186936127
-2.6484129045411397e-05
0.0010939470001450624
-0.0008168561509098234
-0.0021805645939367443
1.0037182281414801e-05
0.0005623070744871771
-0.002094853051475482
-0.002093866357183451
0.0030941121565332443
-0.002108606152349305
1.15

