1 -0.7629421933
1 -0.5226340322
1 -0.4828036872
2 -1.1931880597
2 -1.0001256958
2 -0.9095904223
3 -0.7660498625
3 -0.5260772055
3 -0.4877679947
4 -0.7711084316
4 -0.5176843546
4 -0.4806367749
5 -0.7629421933
5 -0.5226340322
5 -0.4828036872
6 -0.7588391301
6 -0.5835798535
6 -0.5200449359
7 -0.9582214162
7 -0.5983994506
7 -0.5587114082
8 -1.2348506031
8 -0.8179663552
8 -0.7506820228
9 -0.0224024231
9 -0.0979737922
9 -0.0913610446
10 -0.7703468063
10 -0.5295099693
10 -0.487033878
11 -0.5858894307
11 -0.4541650543
11 -0.4322993138
12 -0.7629421933
12 -0.5226340322
12 -0.4828036872
13 -0.7629421933
13 -0.5226340322
13 -0.4828036872
14 -0.7629421933
14 -0.5226340322
14 -0.4828036872
15 -0.7629421933
15 -0.5226340322
15 -0.4828036872
16 -0.3249421933
16 -0.3036340322
16 -0.2638036872
17 -0.7629340427
17 -0.5227028051
17 -0.4828279698
18 -0.7629496648
18 -0.5236969514
18 -0.4829361996
19 -0.7629424214
19 -0.5226340322
19 -0.4828036872
20 -0.7629421933
20 -0.5226340322
20 -0.4828036872
21 -0.7629421933
21 -0.5226340322
21 -0.4828036872
22 -0.7629421933
22 -0.5220874124
22 -0.4827796259
23 -0.7629421933
23 -0.5226340322
23 -0.4828036872
24 -0.7629421933
24 -0.5226340322
24 -0.4828036872
25 -0.7629421971
25 -0.5226340322
25 -0.4828036873
26 -0.7629421933
26 -0.5226340322
26 -0.4828036872
27 -0.7629421933
27 -0.5226340322
27 -0.4828036872
28 -0.7629421933
28 -0.5226340322
28 -0.4828036872
29 -0.7629421933
29 -0.5226340322
29 -0.4828036872
30 -0.7629421933
30 -0.5226340322
30 -0.4828036872
31 -0.7629421933
31 -0.5226340322
31 -0.4828036872
32 -0.7629421933
32 -0.5226340322
32 -0.4828036872
33 -0.7629421933
33 -0.5226340322
33 -0.4828036872
34 -0.7629421933
34 -0.5226340322
34 -0.4828036872
35 -0.7629421902
35 -0.5226340321
35 -0.4828036871
36 -0.7629516292
36 -0.522634228
36 -0.4828038558
37 -0.7629421933
37 -0.5226340322
37 -0.4828036872
38 -0.7629421933
38 -0.5226340322
38 -0.4828036872
39 -0.7629421933
39 -0.5226340322
39 -0.4828036872
40 -0.7629318458
40 -0.5226100339
40 -0.4828036864
41 -0.7629421933
41 -0.5226340322
41 -0.4828036872
42 -0.7629421933
42 -0.5226340322
42 -0.4828036872
43 -0.7629421933
43 -0.5226340322
43 -0.4828036872
44 -0.7629421933
44 -0.5226340322
44 -0.4828036872
45 -0.7629421933
45 -0.5226340322
45 -0.4828036872
46 -0.7629421933
46 -0.5226340322
46 -0.4828036872
47 -0.7629421933
47 -0.5226340322
47 -0.4828036872
48 -0.7629421933
48 -0.5226340322
48 -0.4828036872
49 -0.7629421933
49 -0.5226340322
49 -0.4828036872
50 -0.7629506862
50 -0.5226540764
50 -0.4828036879
51 -0.7655320024
51 -0.5286404977
51 -0.4828038764
52 -0.7629421933
52 -0.5226340322
52 -0.4828036872
53 -0.7629421933
53 -0.5226340322
53 -0.4828036872
54 -0.7119378608
54 -0.5237634185
54 -0.4842102855
55 -0.7151943329
55 -0.5235611855
55 -0.4839934169
56 -0.7111035375
56 -0.5679273132
56 -0.4842678442
57 -0.7593688635
57 -0.5227292307
57 -0.4829568899
58 -0.7593472522
58 -0.5227298626
58 -0.4829578548
59 -0.7176093642
59 -0.5234275524
59 -0.4838404466
60 -0.7145532037
60 -0.5101760601
60 -0.4840351429
61 -0.7541883639
61 -0.5228105555
61 -0.4830768635
62 -0.7541565729
62 -0.5228116072
62 -0.4830783657
63 -0.7193961112
63 -0.523334946
63 -0.4837314915
64 -0.7171184229
64 -0.524244493
64 -0.4838710091
65 -0.7411060659
65 -0.5228765434
65 -0.4831691026
66 -0.7410708842
66 -0.5228778062
66 -0.4831708309
67 -0.7207157537
67 -0.5232631265
67 -0.4836532889
68 -0.719021181
68 -0.524324061
68 -0.4837540602
69 -0.7397002925
69 -0.5229284573
69 -0.4832391481
70 -1.1490172164
70 -0.3835234605
70 -0.4105338797
71 -0.7630664473
71 -0.5010664022
71 -0.4608376836
72 -0.7327947384
72 -0.5202102907
72 -0.4805415934
73 -0.7558225307
73 -0.5008654691
73 -0.4608189805
74 -0.7522129088
74 -0.5199900046
74 -0.4802519766
75 -0.2539138954
75 -0.1985439977
75 -0.1868408665
76 -0.7257882397
76 -0.4801694446
76 -0.4421526083
77 -0.7421748777
77 -0.5148457409
77 -0.4754080511
78 -0.719118851
78 -0.4798753549
78 -0.442001736
79 -0.7463791379
79 -0.5146871914
79 -0.4751937334
80 -0.7292566858
80 -0.4850029288
80 -0.4467971829
81 -0.7389745405
81 -0.5108793797
81 -0.4716107486
82 -0.7156371084
82 -0.4848404502
82 -0.4467333624
83 -0.742084236
83 -0.5107596959
83 -0.4714476451
84 -0.4667259813
84 -0.380227183
84 -0.345441956
85 -0.6923799078
85 -0.4121383176
85 -0.4008112139
86 -0.701852758
86 -0.4738602896
86 -0.4376572881
87 -0.7338018096
87 -0.5059820371
87 -0.467125903
88 -0.6981646303
88 -0.4736551974
88 -0.4375435361
89 -0.7444151047
89 -0.5058833324
89 -0.4669944316
90 -0.6854783391
90 -0.4613040832
90 -0.4257749862
91 -0.7513621002
91 -0.5145764709
91 -0.4753058566
92 -0.6866740959
92 -0.4705850754
92 -0.4306337216
93 -0.6737050574
93 -0.4526228918
93 -0.4172076137
94 -0.698360916
94 -0.4731752546
94 -0.43698969
95 -0.7372400334
95 -0.5016552344
95 -0.4631647529
96 -0.673606409
96 -0.4500178449
96 -0.4208122366
97 -0.685150477
97 -0.4474045725
97 -0.4170218779
98 -0.6698808913
98 -0.4499829117
98 -0.4157510523
99 -0.6660041099
99 -0.4476557558
99 -0.4132279597
100 -0.6619822882
100 -0.4444200326
100 -0.4105903989
101 -0.6577624506
101 -0.4405807667
101 -0.4077914125
102 -0.6804675829
102 -0.4553060928
102 -0.4210128537
103 -0.7364904416
103 -0.4992281804
103 -0.4609494018
104 -0.6502904745
104 -0.4380923496
104 -0.4048099489
105 -0.6428852692
105 -0.4349064412
105 -0.4018717878
106 -0.6425395243
106 -0.4316029482
106 -0.3988252643
107 -0.6377125065
107 -0.4281576802
107 -0.3956670793
108 -0.6327285436
108 -0.4246262214
108 -0.3923928565
109 -0.6275538265
109 -0.4209455059
109 -0.3889987265
110 -0.6092246271
110 -0.4171301774
110 -0.3854805474
111 -0.6057232028
111 -0.4131756021
111 -0.3818340535
112 -0.5999741813
112 -0.4090770109
112 -0.3780548547
113 -0.5943091078
113 -0.404829496
113 -0.3741384335
114 -0.5877522209
114 -0.4004280112
114 -0.3700801448
115 -0.5813694196
115 -0.3958673688
115 -0.3658752135
116 -0.5747617598
116 -0.3911422389
116 -0.3615187334
117 -0.5679221886
117 -0.3862471483
117 -0.3570056668
118 -0.5608435037
118 -0.3811764798
118 -0.3523308427
119 -0.5535183579
119 -0.3759244717
119 -0.3474889577
120 -0.5483664288
120 -0.370485218
120 -0.3424745746
121 -0.537762412
121 -0.3580700171
121 -0.3372821237
122 -0.5296524813
122 -0.3522395564
122 -0.3319059029
123 -0.521265349
123 -0.3462033323
123 -0.3263400791
124 -0.5171541526
124 -0.3399548725
124 -0.3205854203
125 -0.5081873407
125 -0.3334875678
125 -0.314622339
126 -0.4989190103
126 -0.3267946751
126 -0.3084513878
127 -0.4893408923
127 -0.3198693221
127 -0.3020662322
128 -0.4794446519
128 -0.3127045117
128 -0.2954604213
129 -0.4692219042
129 -0.3052931285
129 -0.2886273927
130 -0.4586642326
130 -0.2976279452
130 -0.2815604792
131 -0.4477632091
131 -0.2897016315
131 -0.2742529149
132 -0.4365104163
132 -0.2815067624
132 -0.2666978439
133 -0.4179512588
133 -0.2730358298
133 -0.2588883295
134 -0.4059812753
134 -0.2643039604
134 -0.2508173654
135 -0.3870122674
135 -0.2552370707
135 -0.2424778835
136 -0.3674032821
136 -0.2458923198
136 -0.2338627756
137 -0.354331872
137 -0.2361959456
137 -0.2249636189
138 -0.59902602
138 -0.5994658732
138 -0.5687440156
139 -0.9518529448
139 -0.375176366
139 -0.347825162
140 -0.336245443
140 -0.2265230221
140 -0.2162931099
141 -0.3319221806
141 -0.22344103
141 -0.2134925007
142 -0.339293683
142 -0.2256892933
142 -0.2157171504
143 -0.3264936685
143 -0.2178839904
143 -0.208504973
144 -0.3689048633
144 -0.5073708085
144 -0.462579272
145 -0.8230089391
145 -0.3499263369
145 -0.3255079092
146 -0.4731800282
146 -0.2762106461
146 -0.2201538007
147 -0.3843574282
147 -0.2320988952
147 -0.2267563996
148 -0.3532507283
148 -0.241327113
148 -0.225985002
149 -0.3414927011
149 -0.2316862317
149 -0.214285311
150 -0.3332166061
150 -0.2215950191
150 -0.2098274203
151 -0.3243699163
151 -0.2158007349
151 -0.203752941
152 -0.3164736626
152 -0.209959479
152 -0.1983919203
153 -0.3086340565
153 -0.2043527848
153 -0.1930169119
154 -0.3012061071
154 -0.1990306849
154 -0.1876338289
155 -0.2867110106
155 -0.1931874063
155 -0.1824516784
156 -0.1979268229
156 -0.2057579794
156 -0.1623607029
157 -0.2651923575
157 -0.1821093111
157 -0.1706264842
158 -0.2489143772
158 -0.1863450011
158 -0.1595373133
159 -0.2442716807
159 -0.1831962311
159 -0.1564266767
160 -0.2358844775
160 -0.1772199691
160 -0.1507422581
161 -0.2275336121
161 -0.1712969321
161 -0.1450796858
162 -0.1250098713
162 -0.3144631274
162 -0.2371661547
163 -0.1899532027
163 -0.143266463
163 -0.134923156
164 -0.1827193491
164 -0.1383609386
164 -0.1303113483
165 -0.1801514236
165 -0.1369335391
165 -0.1289071912
166 -0.172837516
166 -0.1319834124
166 -0.1242505288
167 -0.1703593368
167 -0.1306412373
167 -0.1229214532
168 -0.1629682585
168 -0.1256494595
168 -0.1182225087
169 -0.1605893864
169 -0.1244005775
169 -0.1169758302
170 -0.1531242945
170 -0.1193703561
170 -0.1122374077
171 -0.150854919
171 -0.1182233428
171 -0.1110809077
172 -0.1433192642
172 -0.1131581587
172 -0.1063060591
173 -0.1411702537
173 -0.1121221349
173 -0.1052480189
174 -0.1335678038
174 -0.1070257612
174 -0.1004400613
175 -0.13155076
175 -0.1061104307
175 -0.0994892974
176 -0.1238856251
176 -0.1170537315
176 -0.0946518319
177 -0.1220129442
177 -0.1162719204
177 -0.093817736
178 -0.1142896058
178 -0.1111251358
178 -0.0889546692
179 -0.1125745463
179 -0.1104855739
179 -0.0882472513
180 -0.1047978896
180 -0.1053209933
180 -0.0833628184
181 -0.1032546478
181 -0.1048354219
181 -0.0827927548
182 -0.0954299982
182 -0.099658226
182 -0.0778915452
183 -0.0940737928
183 -0.0993391691
183 -0.0774702314
184 -0.0862069575
184 -0.0941549591
184 -0.0725572177
185 -0.2043195963
185 -0.0566145054
185 -0.0887077368
186 -0.0781791681
186 -0.0840845083
186 -0.063598298
187 -0.0702285069
187 -0.0787559069
187 -0.058557342
188 -0.0691181612
188 -0.0785904066
188 -0.0582756289
189 -0.0611358186
189 -0.073261363
189 -0.0532289336
190 -0.0602521169
190 -0.0732932781
190 -0.053124151
191 -0.0522450783
191 -0.067970385
191 -0.048077594
192 -0.0516069508
192 -0.0682150905
192 -0.0481637407
193 -0.0435828205
193 -0.0629054659
193 -0.0431236784
194 -0.0432106502
194 -0.0633794106
194 -0.0434157382
195 -0.0351777164
195 -0.058090745
195 -0.0383890484
196 -0.0350934859
196 -0.0588115456
196 -0.0389030772
197 -0.027060796
197 -0.0535521533
197 -0.0338972067
198 -0.0272882516
198 -0.0545387001
198 -0.0346504299
199 -0.0192656971
199 -0.0493175781
199 -0.0296734481
200 -0.0198305339
200 -0.0505901514
200 -0.0306843678
201 -0.0118289473
201 -0.0454170441
201 -0.025745027
202 -0.0127590166
202 -0.0469974447
202 -0.0270335426
203 -0.0047902824
203 -0.0418829181
203 -0.0221413453
204 -0.0061158256
204 -0.0437946119
204 -0.0237288877
205 0.0018069942
205 -0.0387501359
205 -0.0188941628
206 5.3083100001e-05
206 -0.0410184156
206 -0.0208038434
207 0.0079156049
207 -0.0360564568
207 -0.0160378321
208 -0.1935300754
208 -0.0259499984
208 -0.063784546
209 0.0079004291
209 -0.0303459573
209 -0.0115031329
210 0.0128179196
210 -0.0283748903
210 -0.0093324987
211 -0.0421536483
211 -0.0512186112
211 -0.0445959761
212 -0.6088672835
212 -0.1233208277
212 -0.1124826111
213 0.0104411488
213 0.0258809324
213 0.002517117
214 0.0139220234
214 0.0271615212
214 0.004139555
215 0.1364308659
215 0.0055431088
215 -0.0024489888
216 0.013786821
216 0.0200572301
216 -0.0042611555
217 0.0533098257
217 0.0476362018
217 0.0212724861
218 0.0295860041
218 0.0304946707
218 0.0061602297
219 -0.024226946
219 -0.2551151982
219 -0.1740678634
220 0.0912749049
220 0.0125522586
220 0.0289633273
221 0.1199969172
221 0.0609337239
221 0.0352484589
222 0.0958197359
222 0.0802515709
222 0.0414046657
223 -0.5754174531
223 -0.0965200105
223 -0.0869756925
224 -0.0462896369
224 -0.221721341
224 -0.1447663757
225 0.1215836205
225 0.0580334437
225 0.0500419472
226 0.1434979536
226 0.0908360241
226 0.0578284006
227 0.1554497419
227 0.0945441985
227 0.0662434137
228 0.163932455
228 0.099986497
228 0.0683275243
229 -0.1846678411
229 -0.1432487167
229 -0.1389264123
230 0.1669793967
230 0.0562937007
230 0.0680190372
231 -0.4193083498
231 -0.0370568069
231 -0.0326378885
232 0.1657539385
232 0.1077506954
232 0.0763628686
233 -0.1402232126
233 -0.1110084198
233 -0.107315412
234 0.1710676604
234 0.1093536736
234 0.0775112228
235 0.0975735072
235 0.0869998258
235 0.0817519519
236 0.0763195938
236 0.0709985224
236 0.0457800746
237 -0.1496571216
237 -0.1180268569
237 -0.1140615194
238 0.1933404014
238 0.1251088776
238 0.0931811216
239 0.0466966702
239 -0.0680707319
239 -0.0416218875
240 0.2015885405
240 0.1253216445
240 0.0931616535
241 0.1465560596
241 0.1406927322
241 0.0897460357
242 0.0799384712
242 -0.1790115479
242 -0.079174514
243 0.0767541852
243 -0.0573491542
243 -0.0631195327
244 0.0127256808
244 -0.0285214436
244 -0.0094604711
245 0.0019244965
245 -0.0386983179
245 -0.018839224
246 0.0079035166
246 -0.0304542015
246 -0.0115889439
247 -0.0045458652
247 -0.0417708281
247 -0.0220239541
248 -0.0114491549
248 -0.0452369769
248 -0.0255583519
249 0.0896733298
249 0.0116180726
249 0.0280985736
250 -0.0187429202
250 -0.0490625099
250 -0.0294112773
251 -0.0263881886
251 -0.0532156819
251 -0.0335538929
252 -0.034349119
252 -0.0576670362
252 -0.0379594602
253 -0.0425926932
253 -0.0623892069
253 -0.0426031566
254 -0.0510884427
254 -0.0673567416
254 -0.0474619132
255 -0.0598082061
255 -0.0725459428
255 -0.0525142678
256 -0.0687259145
256 -0.0779347252
256 -0.0577402336
257 -0.0843931732
257 -0.0930351747
257 -0.0714684225
258 0.0138298946
258 0.0267994151
258 0.0037631022
259 0.010418171
259 0.0255444164
259 0.0021730245
260 -0.0934375058
260 -0.0984318168
260 -0.0766995713
261 0.0524678153
261 0.0468820451
261 0.0205700886
262 -0.102623601
262 -0.1039847245
262 -0.0820648874
263 0.1639338496
263 0.0545241013
263 0.066409081
264 -0.1119308105
264 -0.1096761068
264 -0.0875483044
265 -0.1213399606
265 -0.1154893523
265 -0.0931348367
266 0.0486960083
266 -0.0670148099
266 -0.040899151
267 -0.1308332301
267 -0.1112062088
267 -0.0988104997
268 0.1342539413
268 0.0049072969
268 -0.0027925823
269 -0.140394041
269 -0.1113553546
269 -0.1045622386
270 0.0943343745
270 0.0788974326
270 0.0403831298
271 -0.1500069602
271 -0.1174460773
271 -0.1103778627
272 0.1409087198
272 0.089246163
272 0.0564170168
273 0.1179900954
273 0.0599036916
273 0.0343127735
274 -0.1596576121
274 -0.1236021722
274 -0.1162459865
275 0.1679709333
275 0.1074192444
275 0.0757326406
276 -0.1693326001
276 -0.1298118052
276 -0.1221559756
277 0.1526176006
277 0.0928833057
277 0.0646464677
278 0.1609501258
278 0.0982193648
278 0.0667140843
279 0.1627663974
279 0.1058476979
279 0.074608727
280 -0.1790194356
280 -0.1360639091
280 -0.128097897
281 0.1979064543
281 0.1230798899
281 0.0910824527
282 -0.1467132683
282 -0.1161171207
282 -0.1121603269
283 0.189840867
283 0.1228813477
283 0.0911120633
284 -0.021818702
284 -0.0963657208
284 -0.089694497
285 0.1439924102
285 0.138208953
285 0.087795461
286 -0.2230013068
286 -0.1686933885
286 -0.1425966921
287 -0.1373533712
287 -0.1092438342
287 -0.1055527326
288 -0.2002113455
288 -0.0553777113
288 -0.087290468
289 -0.2311868346
289 -0.1744997226
289 -0.1481480166
290 -0.2394073922
290 -0.1803579337
290 -0.153720474
291 0.0960658526
291 0.085216085
291 0.0799437012
292 -0.2439580107
292 -0.1834445221
292 -0.156769979
293 -0.0411860956
293 -0.0506141686
293 -0.0440443921
294 0.1194109973
294 0.0324837987
294 0.0487773655
295 -0.4141182816
295 -0.0359937135
295 -0.031727851
296 0.0959032674
296 0.0694145525
296 0.0397438875
297 0.0894166056
297 -0.1720592404
297 -0.071581757
298 0.0708023143
298 -0.058739982
298 -0.0568989258
299 0.235312042
299 0.0955764464
299 0.1041670147
300 0.044025038
300 0.0288105528
300 -0.0023135429
301 -0.0299823637
301 -0.0598964982
301 -0.0385740409
302 -0.1557744898
302 -0.1440570729
302 -0.136319664
303 0.2423377539
303 0.095797094
303 0.1035272592
304 0.2528137001
304 0.1006146972
304 0.107889284
305 0.2120575272
305 0.0495802165
305 0.0523744314
306 0.189648251
306 0.0642928324
306 0.0783874211
307 -0.094690686
307 -0.0844800826
307 -0.0815969357
308 0.2823406722
308 0.1277741018
308 0.1187036993
309 0.1713356486
309 0.123228422
309 0.1162598573
310 -0.101163105
310 -0.1099565491
310 -0.1025041512
311 -0.1013076597
311 -0.1454932029
311 -0.1216916574
312 -0.0913967354
312 0.0082644711
312 0.0087525804
313 0.0031365431
313 0.0500138264
313 0.0458586504
314 -0.0198338918
314 -0.0739978945
314 -0.0670163051
315 -0.1643387753
315 -0.129480201
315 -0.1216580248
316 -0.2499574984
316 -0.1825836767
316 -0.1536717841
317 0.212735149
317 0.0892835044
317 0.0830890593
318 0.1805322711
318 0.1100075237
318 0.082121592
319 -0.0978108426
319 -0.0899857525
319 -0.0866263298
320 0.1189198227
320 0.129310534
320 0.080411791
321 -0.1686381158
321 -0.1277583652
321 -0.1210005628
322 -0.1160187692
322 -0.1546565791
322 -0.1303393702
323 0.0937167353
323 0.0991520629
323 0.0562315315
324 0.1814662414
324 0.1216175939
324 0.0889311293
325 -0.1124431868
325 -0.0994944433
325 -0.0934338228
326 0.0657751054
326 -0.0056115589
326 0.0076528571
327 0.2212178506
327 0.1343331723
327 0.1008894696
328 -0.1263651358
328 -0.1041569634
328 -0.0980253067
329 -0.1405723229
329 -0.1155106636
329 -0.109437273
330 -0.1406366965
330 -0.1137019754
330 -0.1070139199
331 -0.1427650618
331 -0.1155184603
331 -0.1094584804
332 0.1705448889
332 0.1051244633
332 0.0739313134
333 -0.1673757867
333 -0.1310812526
333 -0.1235984919
334 0.1264554806
334 0.0806734282
334 0.0504302309
335 0.1908766278
335 0.0712671203
335 0.0823712319
336 0.1949286287
336 0.0733081697
336 0.0842218686
337 -0.1423736824
337 -0.1120465174
337 -0.1062121823
338 -0.2290221611
338 -0.1739072354
338 -0.146455561
339 0.1901447718
339 0.064905331
339 0.074805597
340 0.0503667655
340 -0.059610721
340 -0.0678744912
341 -0.0587220469
341 0.0243412649
341 0.0042912902
342 -0.0371983778
342 -0.0496808067
342 -0.0444451671
343 0.0524720065
343 -0.0133797186
343 0.0009151609
344 -0.1067535368
344 -0.0742944049
344 -0.0784649328
345 -0.0938628607
345 -0.1260805374
345 -0.1079767912
346 0.1497791704
346 0.0948641156
346 0.0642814372
347 -0.1027093192
347 -0.0913411984
347 -0.0864286576
348 -0.1399886626
348 -0.1182713693
348 -0.1066284498
349 0.1060811244
349 0.0258467271
349 0.0356139037
350 -0.232047134
350 -0.1683415373
350 -0.1569980078
351 0.1753130588
351 0.0596301779
351 0.0706197826
352 -0.1122092111
352 -0.1077280819
352 -0.0981876996
353 -0.2470839166
353 -0.1907832987
353 -0.1617694938
354 0.1789546403
354 0.0586849507
354 0.0691700585
355 0.0819653736
355 0.0905624036
355 0.048673057
356 0.163998196
356 0.0529808917
356 0.0648825645
357 0.1594264544
357 0.0971667611
357 0.0664250022
358 0.121761227
358 0.0304457482
358 0.0443289582
359 0.1776977174
359 0.1068278988
359 0.0777952128
360 -0.1007255247
360 -0.0898477704
360 -0.0853021379
361 -0.0071875237
361 0.0452340908
361 0.0210697524
362 -0.0054647719
362 -0.0531107123
362 -0.0527554758
363 -0.0693821702
363 -0.110711492
363 -0.0934821604
364 -0.1198188012
364 -0.0814546825
364 -0.0348903893
365 0.1618893512
365 0.0507802495
365 0.0662846696
366 0.0983957312
366 0.0894530355
366 0.0693047684
367 -0.0752647328
367 -0.0810312643
367 -0.0798910367
368 0.1269917507
368 0.0303956663
368 0.0500222845
369 0.1253906549
369 0.1007970547
369 0.0642373878
370 -0.0710484207
370 -0.0837799868
370 -0.0754409896
371 0.1827447658
371 0.1096463979
371 0.08140651
372 -0.0981076798
372 -0.0880096492
372 -0.0823074961
373 -0.1001753729
373 -0.0906678466
373 -0.0815958087
374 0.0274104232
374 -0.0574930637
374 -0.051385821
375 0.1318502866
375 0.0178986577
375 0.040203177
376 -0.1743024911
376 -0.145572392
376 -0.1164752543
377 0.1623995496
377 0.0549720993
377 0.0571445987
378 0.0126351384
378 -0.0286652232
378 -0.0095860197
379 0.0020397381
379 -0.038647497
379 -0.0187853421
380 0.0079064383
380 -0.0305604239
380 -0.0116731577
381 -0.0043061512
381 -0.0416608952
381 -0.0219088211
382 -0.1174709782
382 -0.080168607
382 -0.0344984988
383 -0.0110766697
383 -0.0450603746
383 -0.0253752666
384 0.0881024975
384 0.0107018288
384 0.0272504249
385 -0.018230199
385 -0.0488123486
385 -0.0291541462
386 -0.0257285153
386 -0.0528856817
386 -0.0332171761
387 -0.0335364515
387 -0.0572514747
387 -0.037538124
388 0.1195806593
388 0.0291713744
388 0.0431724375
389 -0.0416215982
389 -0.0618828733
389 -0.0420926311
390 -0.0499540387
390 -0.0667548958
390 -0.0468580546
391 0.1042007437
391 0.0246615441
391 0.0346242833
392 0.1172796486
392 0.0311719055
392 0.0475368667
393 -0.0585061134
393 -0.0718442783
393 -0.0518133246
394 -0.0672522117
394 -0.0771293368
394 -0.0569388168
395 -0.0694207283
395 -0.0825421145
395 -0.0742604785
396 -0.0826144133
396 -0.0919370203
396 -0.070400637
397 -0.0960511262
397 -0.0866910285
397 -0.0810248127
398 0.1589300532
398 0.0491109216
398 0.06470207
399 0.175659256
399 0.0568603033
399 0.06752809
400 0.1609975885
400 0.051269588
400 0.0633270967
401 0.1296289471
401 0.0168460661
401 0.039173686
402 0.0516144881
402 -0.0138144521
402 0.0005883805
403 0.0137386594
403 0.0264437585
403 0.0033934427
404 0.1720979657
404 0.0577930103
404 0.0689556495
405 0.0103946715
405 0.0252138207
405 0.0018350593
406 -0.0914835261
406 -0.0972291183
406 -0.0755306137
407 0.029553284
407 -0.0567522272
407 -0.0505711905
408 0.186632443
408 0.0629600688
408 0.0730542678
409 0.0516408193
409 0.0461418105
409 0.0198806206
410 -0.0986206303
410 -0.0884899498
410 -0.0839715287
411 -0.09818571
411 -0.0892854674
411 -0.0803153241
412 -0.1004913845
412 -0.1026743157
412 -0.0807920385
413 0.1609463599
413 0.0527882891
413 0.0648298364
414 0.0479180632
414 -0.0591789545
414 -0.0401992287
415 0.1873714008
415 0.0692106822
415 0.0804858475
416 -0.0055040133
416 -0.0523992652
416 -0.0519847601
417 -0.1096177112
417 -0.1082551497
417 -0.0861691411
418 0.1913447362
418 0.0712120639
418 0.0823004846
419 -0.1006767476
419 -0.0899511325
419 -0.0850605328
420 -0.0957550811
420 -0.0886248725
420 -0.0852598397
421 0.0942452999
421 0.0682438511
421 0.038688255
422 0.1247051135
422 0.0291196689
422 0.0487522489
423 -0.1188436754
423 -0.1139553143
423 -0.091647211
424 0.2075689687
424 0.0482177585
424 0.0510736802
425 -0.1237644978
425 -0.1025263391
425 -0.0964401889
426 -0.0740212946
426 -0.0798320681
426 -0.0786549386
427 -0.0679026895
427 -0.1088756905
427 -0.0919080956
428 -0.1102112799
428 -0.0979404017
428 -0.0919248908
429 0.2087809598
429 0.0813001673
429 0.0811753889
430 -0.1707847628
430 -0.1434588045
430 -0.1145366245
431 -0.1216064757
431 -0.1156450669
431 -0.0891693759
432 0.1380235924
432 0.0835390594
432 0.057352997
433 -0.0782860082
433 -0.0776370662
433 -0.0722937001
434 0.0897012271
434 0.0471741866
434 0.0530334142
435 0.0879912654
435 0.0714359476
435 0.0501451034
436 -0.0592912692
436 -0.0633398692
436 -0.0617629256
437 0.1683478586
437 0.05366234
437 0.0698130281
438 -0.0609816238
438 0.0357077284
438 -0.0023589632
439 0.0352438828
439 -0.0451362666
439 -0.0306857822
440 -0.1895467131
440 -0.0502548089
440 -0.0779314476
441 0.165330935
441 0.0313789823
441 0.0345762082
442 0.0125462627
442 -0.0288062805
442 -0.0097091896
443 0.0021527624
443 -0.0385976541
443 -0.0187324966
444 0.0079092017
444 -0.0306646613
444 -0.0117558031
445 -0.1151613802
445 -0.0789103124
445 -0.034116218
446 -0.0040710498
446 -0.0415530781
446 -0.0217959027
447 -0.0107113508
447 -0.0448871706
447 -0.0251957022
448 0.0865618189
448 0.0098031832
448 0.0264185627
449 -0.01772734
449 -0.0485669999
449 -0.028901958
450 -0.0250815275
450 -0.0525620281
450 -0.0328869297
451 -0.0327394079
451 -0.0568439037
451 -0.0371248815
452 0.1174416913
452 0.0279213357
452 0.0420379908
453 -0.0406691699
453 -0.0613862744
453 -0.0415919102
454 0.102356241
454 0.0234989523
454 0.0336535536
455 -0.0488414392
455 -0.0661646207
455 -0.0462657914
456 0.1151887999
456 0.0298850046
456 0.0463199966
457 -0.0572290502
457 -0.0711561053
457 -0.051125841
458 0.0344326395
458 -0.0445170825
458 -0.0302849923
459 -0.0658068431
459 -0.076339438
459 -0.0561527908
460 -0.0678282206
460 -0.0813282092
460 -0.0731039571
461 0.0881702073
461 0.0456062166
461 0.0517414046
462 -0.0584750357
462 -0.0624897095
462 -0.0608733774
463 0.1652627742
463 0.0519367917
463 0.0681613848
464 -0.0808699987
464 -0.0908600762
464 -0.0693534543
465 0.1560275986
465 0.047473673
465 0.063149885
466 -0.0940347992
466 -0.0853981272
466 -0.0797671092
467 0.1724274767
467 0.0550708477
467 0.0659178264
468 0.1580546473
468 0.0495911576
468 0.0618015153
469 0.0507734792
469 -0.0142408778
469 0.0002679148
470 0.127444517
470 0.0158150816
470 0.0381624045
471 0.1689445447
471 0.05599106
471 0.0673234293
472 0.0136483333
472 0.026094447
472 0.0030304633
473 0.0103706963
473 0.0248890525
473 0.0015031226
474 -0.089567311
474 -0.0960496697
474 -0.0743842264
475 -0.0767275539
475 -0.0765123755
475 -0.0711988546
476 0.1831879574
476 0.0610523557
476 0.0713367845
477 -0.1191045264
477 -0.1141085074
477 -0.0877572266
478 -0.0965568506
478 -0.0871587618
478 -0.0826664775
479 0.0508285938
479 0.0454152528
479 0.0192038555
480 -0.0962357598
480 -0.0879305189
480 -0.0790602187
481 -0.0984004209
481 -0.1013892634
481 -0.0795437848
482 0.1580158307
482 0.0510856237
482 0.0632807223
483 0.0301037372
483 -0.0560310017
483 -0.0497769653
484 0.1839330776
484 0.0671935065
484 0.0786364505
485 -0.1073494164
485 -0.1068617168
485 -0.0848166502
486 -0.0055478864
486 -0.0517042633
486 -0.0512312882
487 0.1878292886
487 0.069155999
487 0.0804157959
488 -0.0986844963
488 -0.0885884391
488 -0.0837192623
489 -0.0937397355
489 -0.087290688
489 -0.0839199671
490 0.1224623266
490 0.0278681361
490 0.0475066231
491 0.092617918
491 0.0670949987
491 0.0376522719
492 -0.1163958037
492 -0.1124510243
492 -0.0901883827
493 0.2031688369
493 0.0468828043
493 0.0497976191
494 -0.057260004
494 -0.0729795375
494 -0.0651597693
495 -0.1905953209
495 -0.0531339791
495 -0.0803036175
496 0.1612529794
496 0.0297893159
496 0.0330670986
497 0.0124590245
497 -0.0289446665
497 -0.0098300253
498 0.0022636122
498 -0.0385487703
498 -0.0186806678
499 -0.1128896737
499 -0.0776792055
499 -0.0337432257
500 0.0079118135
500 -0.0307669495
500 -0.0118369083
501 -0.0038404721
501 -0.0414473358
501 -0.0216851564
502 -0.0103530605
502 -0.0447172994
502 -0.0250195908
503 0.0850507162
503 0.0089217981
503 0.0256026748
504 -0.0172341534
504 -0.048326371
504 -0.0286546177
505 -0.0244469812
505 -0.0522445993
505 -0.0325630293
506 -0.0319576879
506 -0.0564441696
506 -0.0367195774
507 0.1153435357
507 0.0266951706
507 0.0409251998
508 -0.0397350496
508 -0.0608992231
508 -0.0411008059
509 0.1005469372
509 0.0223585249
509 0.0327013567
510 -0.0477502254
510 -0.0655856941
510 -0.0456849014
511 0.113137691
511 0.0286226244
511 0.0451263094
512 -0.0559765355
512 -0.0704811642
512 -0.0504515588
513 0.033627828
513 -0.04391497
513 -0.0298964906
514 -0.0643892641
514 -0.0755647308
514 -0.0553818603
515 -0.066270089
515 -0.0801378164
515 -0.0719709244
516 0.0866670466
516 0.0440671663
516 0.0504728663
517 -0.057676262
517 -0.0616564372
517 -0.0600012854
518 0.1622370128
518 0.0502444341
518 0.0665415292
519 -0.0560697849
519 -0.071931023
519 -0.0641844666
520 -0.0791592635
520 -0.089803931
520 -0.0683264758
521 0.1531808969
521 0.0458678875
521 0.0616275304
522 -0.0920578992
522 -0.084130437
522 -0.0785338935
523 0.1692580706
523 0.0533159032
523 0.0643386532
524 0.1551682648
524 0.0479449697
524 0.0603052468
525 0.049948662
525 -0.0146591535
525 -4.63587999997e-05
526 0.1658516158
526 0.0542236539
526 0.0657225117
527 0.1252964819
527 0.0148051859
527 0.0371690166
528 -0.0876881268
528 -0.0948930191
528 -0.0732599718
529 0.0135589305
529 0.0257513774
529 0.002674052
530 0.0103462893
530 0.02457002
530 0.0011771165
531 0.1798099993
531 0.0591814643
531 0.0696524897
532 -0.0752001304
532 -0.0754098856
532 -0.0701255566
533 -0.1166511162
533 -0.112601726
533 -0.086372454
534 -0.0945333685
534 -0.0858536737
534 -0.0813864926
535 -0.0963499074
535 -0.1001290738
535 -0.0783196488
536 -0.0943247029
536 -0.086602441
536 -0.0778299757
537 0.0267265991
537 -0.0553288259
537 -0.0490025954
538 0.050030898
538 0.0447021301
538 0.0185395705
539 0.1551411854
539 0.0494154766
539 0.0617611684
540 0.1805603909
540 0.0652148489
540 0.076822359
541 -0.105125052
541 -0.1054952713
541 -0.0834903133
542 -0.0101737375
542 -0.0510252873
542 -0.050501453
543 0.1843809876
543 0.0671392153
543 0.0785671064
544 -0.0967317423
544 -0.0872525676
544 -0.0824043093
545 -0.0917639936
545 -0.0859826654
545 -0.0826061874
546 0.1202625513
546 0.0266406005
546 0.0462849384
547 -0.1139953985
547 -0.1109759008
547 -0.0887577908
548 0.2058945759
548 0.045574756
548 0.0485457712
549 -0.1868129271
549 -0.051984184
549 -0.0790639866
550 0.1580319618
550 0.0288242246
550 0.0321346826
551 -0.1338297713
551 -0.036073521
551 -0.0622075179
552 0.124837694
552 0.0165708531
552 0.0199842082
553 0.1590892226
553 0.0473426166
553 0.0633819695
554 -0.0399459102
554 0.034240267
554 0.014273281
555 0.0314157142
555 -0.0381703504
555 -0.0378578376
556 -0.0749688387
556 -0.0735333641
556 -0.0709361212
557 0.095131565
557 0.0116612172
557 0.0311351306
558 0.1414486014
558 0.044135187
558 0.0614382494
559 0.1527295086
559 0.0486090651
559 0.067619596
560 0.121291887
560 0.029277094
560 0.0482390211
561 -0.1268921909
561 -0.1061528435
561 -0.0954125948
562 0.1445111722
562 0.0428300459
562 0.0562547179
563 0.1743973246
563 0.0571708075
563 0.073171701
564 -0.113747789
564 -0.0988479255
564 -0.088451681
565 -0.0750039272
565 -0.0751902874
565 -0.0667247211
566 -0.1037343849
566 -0.0881974327
566 -0.0781958455
567 0.1229224686
567 0.0296825609
567 0.0438353976
568 -0.0043614075
568 -0.0394035833
568 -0.0348286928
569 0.1521372674
569 0.050197862
569 0.0637693572
570 0.1727978731
570 0.0549196097
570 0.0711069085
571 0.1804336969
571 0.0618101097
571 0.0803538937
572 -0.0586460046
572 -0.0643881492
572 -0.0604653018
573 0.2055804513
573 0.0746330648
573 0.0859352684
574 -0.0748196241
574 -0.0882886854
574 -0.0639981062
575 0.0138027132
575 0.0498239647
575 0.0284848682
576 0.0253200712
576 -0.0283926668
576 -0.02752947
577 0.1550868667
577 0.0527440723
577 0.0692920225
578 0.0672433148
578 -0.0008838454
578 0.0002492546
579 0.0679085597
579 0.0704703026
579 0.0491281007
580 -0.000893571200001
580 -0.0371871178
580 -0.0362141901
581 0.0669350019
581 -0.0015090351
581 -0.0007996646
582 0.0228921503
582 0.0260569805
582 0.0025205076
583 -0.0892517429
583 -0.0965728925
583 -0.0691693031
584 -0.0940161803
584 -0.100491996
584 -0.0781784374
585 0.1396268662
585 0.0367532892
585 0.0535538242
586 0.1772232042
586 0.0568857603
586 0.0733570074
587 0.1428156251
587 0.0371760329
587 0.0543030721
588 0.0628789671
588 -0.0029926505
588 -0.001293241
589 0.0101714584
589 0.0233659786
589 0.0004437957
590 0.0655766483
590 -0.001047296
590 0.0005439296
591 -0.0707198718
591 -0.0742724679
591 -0.0656285075
592 0.0746724751
592 0.0574529004
592 0.0312468548
593 0.0118902761
593 -0.0300258553
593 -0.0258365787
594 -0.0911658917
594 -0.0988636592
594 -0.0765658471
595 0.1385575215
595 0.0349777142
595 0.051942146
596 -0.0870316413
596 -0.0836901772
596 -0.0725955669
597 -0.0659939549
597 -0.0492414201
597 -0.0525248029
598 0.1033535298
598 0.0045433006
598 0.0265979001
599 0.0240235374
599 -0.0178405278
599 -0.0092967659
600 -0.08739496
600 -0.0840922526
600 -0.0730059386
601 0.1240486552
601 0.0288978695
601 0.0431820653
602 0.1690757473
602 0.0533058904
602 0.0710322546
603 -0.0580025671
603 -0.0641044601
603 -0.0590542186
604 -0.1011003441
604 -0.0893264897
604 -0.0766672147
605 0.1121574005
605 0.0770665488
605 0.0495413281
606 -0.0341266432
606 -0.0556668003
606 -0.0489338652
607 0.1483918083
607 0.0544467756
607 0.0568381435
608 -0.0858480652
608 -0.0822162778
608 -0.0741653557
609 0.1224697231
609 0.0272791333
609 0.0441441008
610 0.1378459139
610 0.0416250436
610 0.0567605912
611 -0.0891272462
611 -0.086025035
611 -0.0788051429
612 0.1248399478
612 0.0329946866
612 0.0503682142
613 -0.0892789459
613 -0.0831211005
613 -0.0757359359
614 0.1297744711
614 0.0309538438
614 0.0481620186
615 -0.07319946
615 -0.0758141842
615 -0.0670980216
616 0.1118043704
616 0.0246010515
616 0.0409509811
617 -0.0877636523
617 -0.0812263773
617 -0.0735295615
618 0.1271163962
618 0.0286097965
618 0.0456427814
619 0.105244678
619 0.0739222587
619 0.0534062478
620 -0.0323641458
620 -0.0472703451
620 -0.0451425362
621 0.012373395
621 -0.0290804307
621 -0.0099485704
622 -0.1106555105
622 -0.076474703
622 -0.0333792157
623 0.0023723292
623 -0.0385008271
623 -0.018629836
624 0.0079142804
624 -0.0308673239
624 -0.0119165011
625 -0.003614331
625 -0.0413436285
625 -0.0215765404
626 -0.0100016634
626 -0.0445506968
626 -0.0248468662
627 0.0835686228
627 0.0080573425
627 0.0248024549
628 -0.0167504532
628 -0.0480903712
628 -0.0284120321
629 -0.0238246372
629 -0.0519332753
629 -0.0322453532
630 -0.0311909968
630 -0.0560521217
630 -0.0363220594
631 0.1132854199
631 0.0254924263
631 0.0398336542
632 0.1248214907
632 0.027363797
632 0.0444545312
633 0.1274303063
633 0.0296642653
633 0.0469264355
634 0.1202661168
634 0.0260606392
634 0.0429861968
635 -0.0388188855
635 -0.0604215358
635 -0.0406191336
636 0.121813687
636 0.0276480375
636 0.0420424418
637 -0.0567240465
637 -0.0632495785
637 -0.0582218682
638 0.1098115984
638 0.0234365301
638 0.0398573251
639 0.1225971042
639 0.0316704583
639 0.0490937381
640 0.0117181505
640 -0.0298208471
640 -0.0256345931
641 0.1360423511
641 0.0336087347
641 0.0506323769
642 0.0987721658
642 0.021239843
642 0.0317673414
643 0.1016053225
643 0.0037602154
643 0.0258077374
644 -0.0466799864
644 -0.0650178977
644 -0.0451151664
645 0.0643623451
645 -0.0014046626
645 0.0002332824
646 0.1402189202
646 0.0357646707
646 0.0529479081
647 0.1370919252
647 0.035351235
647 0.0522137228
648 0.1111255755
648 0.0273843022
648 0.0439553677
649 0.061719307
649 -0.003311902
649 -0.0015674799
650 0.0245552567
650 -0.0281884363
650 -0.0272689089
651 -0.0851711744
651 -0.0824496095
651 -0.0714923424
652 -0.0732208109
652 -0.0872802786
652 -0.0630718939
653 -0.0573575364
653 -0.0635263477
653 -0.0596115227
654 0.1456871673
654 0.0530118218
654 0.0554327238
655 -0.0334066509
655 -0.0549631521
655 -0.048283054
656 -0.0011789634
656 -0.0368200304
656 -0.0357943539
657 -0.0733879641
657 -0.0741183394
657 -0.0657397706
658 -0.0547480976
658 -0.0698192007
658 -0.049790225
659 -0.0989780443
659 -0.0879801521
659 -0.0754897327
660 0.1207152436
660 0.0284205933
660 0.0426862396
661 -0.087368985
661 -0.0954028102
661 -0.0681413777
662 0.1418884826
662 0.0413154736
662 0.0548667642
663 0.0328296832
663 -0.0433294021
663 -0.029519864
664 -0.0629989404
664 -0.0748049232
664 -0.0546257358
665 0.1388924725
665 0.0426002451
665 0.0599539506
666 -0.0647455444
666 -0.0789704896
666 -0.07086089
667 0.0851912692
667 0.0425565262
667 0.0492273998
668 0.0934551482
668 0.0107440907
668 0.0302277477
669 0.1191147092
669 0.0280230807
669 0.0470035662
670 0.0237278456
670 -0.0178755384
670 -0.0094219516
671 0.1224604713
671 0.0158663134
671 0.0193003273
672 -0.0568945443
672 -0.0608397101
672 -0.0591463029
673 0.0502600998
673 -0.0141683978
673 0.0009307655
674 0.0272758278
674 -0.0152421623
674 -0.0080467718
675 0.103511489
675 0.0727575488
675 0.0521211837
676 -0.0319331095
676 -0.0467234497
676 -0.0445692274
677 0.0056167452
677 -0.0370342417
677 -0.0163677544
678 0.0099940339
678 -0.0301943467
678 -0.0103897205
679 0.0001836404
679 -0.0394292768
679 -0.0189089663
680 0.0056252866
680 -0.0319439973
680 -0.012318321
681 -0.0056848124
681 -0.0422152547
681 -0.0217983187
682 -0.0119467211
682 -0.0453586757
682 -0.0250053302
683 0.079811342
683 0.0062306387
683 0.023690294
684 -0.0185636058
684 -0.048828485
684 -0.0285017637
685 -0.0255000637
685 -0.0525958604
685 -0.032261431
686 -0.0327234714
686 -0.0566340225
686 -0.0362600166
687 0.1089829414
687 0.0233497536
687 0.0384400372
688 0.1202537268
688 0.025152522
688 0.0429573314
689 0.1228108725
689 0.0274071357
689 0.0453837411
690 0.1157940909
690 0.0238795675
690 0.0415214057
691 0.1173176982
691 0.0254509906
691 0.0405946067
692 0.0245741198
692 -0.0163436876
692 -0.0085380036
693 -0.0402037205
693 -0.0609180631
693 -0.0404749209
694 -0.0577937369
694 -0.0633906125
694 -0.0577525376
695 0.1055647873
695 0.0213148154
695 0.0384612338
696 0.1180970841
696 0.02938055
696 0.0475217557
697 0.0091900717
697 -0.0306133716
697 -0.0257979213
698 0.1312603415
698 0.0312757942
698 0.0490168215
699 0.0947467826
699 0.0191789768
699 0.0305272362
700 0.1353568273
700 0.0333887605
700 0.05128798
701 0.097590096
701 0.0020059857
701 0.0246964674
702 0.1322933202
702 0.0329864997
702 0.0505702708
703 -0.0479129823
703 -0.0654247923
703 -0.0448851178
704 0.1068616796
704 0.0251881926
704 0.0424883042
705 0.0608156775
705 -0.0027410623
705 -0.0004334119
706 0.021393915
706 -0.0289781988
706 -0.0274171815
707 -0.0856977759
707 -0.0822471024
707 -0.0707611009
708 0.0582252365
708 -0.0046108837
708 -0.0021993254
709 -0.0739702743
709 -0.0872787628
709 -0.0625039366
710 0.1407102612
710 0.0505990727
710 0.0537210185
711 -0.0584158695
711 -0.0636579302
711 -0.0591206966
712 -0.0350834613
712 -0.0552819503
712 -0.0480097995
713 -0.0741402636
713 -0.0740655323
713 -0.0651219586
714 -0.099245805
714 -0.0876812299
714 -0.0746816032
715 -0.0038394343
715 -0.0374476249
715 -0.0357710072
716 -0.0558254994
716 -0.0701326001
716 -0.0494710282
717 0.1162582153
717 0.0262165499
717 0.0412330978
718 -0.0878595991
718 -0.0952652429
718 -0.0674754295
719 0.137021556
719 0.0388610616
719 0.0531805955
720 0.0296817199
720 -0.0437420429
720 -0.0295489163
721 0.134097738
721 0.0401047063
721 0.0581815486
722 -0.0639173991
722 -0.0750213319
722 -0.0542144052
723 0.0814917709
723 0.040111758
723 0.0477084961
724 0.0894905723
724 0.0088478829
724 0.0290079821
725 -0.0655747849
725 -0.0788059603
725 -0.0701303983
726 0.1146658005
726 0.0257927488
726 0.0454668323
727 0.1175581667
727 0.0141006027
727 0.0182172487
728 -0.058447224
728 -0.0609972222
728 -0.0586810583
729 0.0993980336
729 0.0704876975
729 0.0505061634
730 -0.0338510031
730 -0.0471673919
730 -0.0443775462
731 0.0033602134
731 -0.0379976668
731 -0.0166908272
732 0.0076585935
732 -0.0312911823
732 -0.0108221575
733 0.0033782802
733 -0.0330044142
733 -0.0127122365
734 -0.0019649976
734 -0.0403444026
734 -0.0191822551
735 -0.0077176606
735 -0.0430747311
735 -0.0220153789
736 0.076124586
736 0.0044346253
736 0.0225999051
737 -0.0138566879
737 -0.0461558041
737 -0.0251603031
738 -0.020344321
738 -0.0495571611
738 -0.0285893249
739 -0.0271458058
739 -0.0532505239
739 -0.0322767438
740 0.1047601925
740 0.0212430993
740 0.0370733724
741 0.1157728486
741 0.0229798393
741 0.0414895543
742 -0.0342291039
742 -0.0572096118
742 -0.0361986915
743 0.1182794748
743 0.0251895505
743 0.0438712481
744 0.111406807
744 0.0217363191
744 0.0400852523
745 0.1129062036
745 0.023291466
745 0.0391752357
746 -0.058844979
746 -0.0635337725
746 -0.0572911021
747 0.1013975475
747 0.0192294668
747 0.0370921154
748 0.1136821166
748 0.0271306537
748 0.0459799903
749 0.0219241195
749 -0.017427322
749 -0.0090190905
750 -0.0415646365
750 -0.061409975
750 -0.0403329782
751 0.1265693444
751 0.0289838543
751 0.0474329321
752 0.0067088785
752 -0.0313952244
752 -0.0259566744
753 0.0936472238
753 0.0002817203
753 0.0236062674
754 0.1305873263
754 0.0310547411
754 0.0496605548
755 0.0907958413
755 0.0171525492
755 0.0293112007
756 0.1275859557
756 0.0306633187
756 0.0489589153
757 0.0573353747
757 -0.0040564692
757 -0.0010855487
758 0.0182890351
758 -0.0297588964
758 -0.027559955
759 0.0547964172
759 -0.0058896223
759 -0.0028172821
760 0.10267756
760 0.0230298487
760 0.0410492361
761 0.1358287053
761 0.0482293728
761 0.052042924
762 -0.0862152752
762 -0.0820522524
762 -0.0700432437
763 -0.0491250558
763 -0.0658288461
763 -0.0446589554
764 -0.0594560696
764 -0.0637919924
764 -0.0586379633
765 -0.07470686
765 -0.0872815138
765 -0.0619461276
766 -0.0064525063
766 -0.0380690542
766 -0.0357459936
767 -0.0367288316
767 -0.0555988045
767 -0.0477404572
768 -0.0748795204
768 -0.074017944
768 -0.0645151679
769 -0.099508844
769 -0.0873913975
769 -0.0738884151
770 0.1118842853
770 0.0240498814
770 0.0398082424
771 -0.0568850421
771 -0.0704450049
771 -0.0491573919
772 0.0265840818
772 -0.0441560119
772 -0.0295779641
773 0.1322458173
773 0.0364489351
773 0.0515271285
774 -0.0883412659
774 -0.0951337404
774 -0.0668216471
775 0.1293931803
775 0.0376529924
775 0.0564428554
776 -0.0663934764
776 -0.0786493967
776 -0.069413348
777 0.1103016801
777 0.0236016922
777 0.0439598028
778 0.0778589947
778 0.0377079649
778 0.0462166642
779 0.085601556
779 0.0069844189
779 0.0278120995
780 -0.0648211235
780 -0.075238658
780 -0.0538103625
781 0.1127575918
781 0.0123677063
781 0.0171588889
782 -0.0599752272
782 -0.0611578087
782 -0.0582223932
783 0.0953624785
783 0.0682583721
783 0.048921375
784 -0.0357357192
784 -0.0476082947
784 -0.0441876069
785 0.0011454176
785 -0.0389468231
785 -0.0170072343
786 0.0053664357
786 -0.0323710853
786 -0.0112460882
787 0.0011726688
787 -0.0340487025
787 -0.0130984369
788 -0.0040741256
788 -0.0412462724
788 -0.019449866
789 -0.0097133632
789 -0.0439221002
789 -0.0222278622
790 0.0725072148
790 0.0026688983
790 0.021530822
791 -0.015731996
791 -0.0469420966
791 -0.0253119024
792 -0.0220929736
792 -0.0502763844
792 -0.0286748081
793 -0.028762179
793 -0.0538972193
793 -0.032291358
794 0.1006159197
794 0.0191719847
794 0.0357331003
795 0.1113773652
795 0.020845174
795 0.0400505781
796 0.1138345889
796 0.023010914
796 0.0423883242
797 0.1071028265
797 0.0196303409
797 0.0386771361
798 -0.0357081493
798 -0.0577788099
798 -0.0361381229
799 0.108577824
799 0.0211689405
799 0.0377837209
800 0.0193249666
800 -0.0184932673
800 -0.0094902824
801 0.109350742
801 0.0249201686
801 0.0444678343
802 0.0973085664
802 0.01717997
802 0.0357494157
803 -0.0598778521
803 -0.0636788147
803 -0.056837494
804 0.1219677856
804 0.0267322914
804 0.0458800458
805 0.0042739458
805 -0.0321664152
805 -0.0261110403
806 0.1310408065
806 0.0459020388
806 0.0503977387
807 0.0897756322
807 -0.0014130125
807 0.0225367056
808 0.1259088083
808 0.0287619688
808 0.0480649545
809 -0.0429018265
809 -0.0618971572
809 -0.0401933163
810 0.122968254
810 0.0283810593
810 0.0473789898
811 0.0539204607
811 -0.0053510857
811 -0.0017235233
812 0.0869181908
812 0.0151601127
812 0.0281187277
813 0.015240047
813 -0.0305304451
813 -0.027697511
814 0.0514319003
814 -0.0071483044
814 -0.0034217331
815 0.0985718945
815 0.0209087295
815 0.0396376051
816 -0.086723667
816 -0.0818647517
816 -0.0693385711
817 -0.0604781991
817 -0.0639282767
817 -0.0581632605
818 -0.0503163364
818 -0.0662299085
818 -0.0444366607
819 -0.0090186434
819 -0.0386841873
819 -0.0357194883
820 -0.0383431408
820 -0.0559135702
820 -0.0474750464
821 -0.0756057691
821 -0.0739752958
821 -0.063919255
822 -0.075430603
822 -0.0872882718
822 -0.0613983352
823 -0.0997671143
823 -0.0871103366
823 -0.073109932
824 0.0235364947
824 -0.0445709106
824 -0.0296070436
825 0.1075921235
825 0.0219200773
825 0.0384110801
826 0.1275597674
826 0.0340784859
826 0.0499056886
827 -0.0579267908
827 -0.0707562274
827 -0.0488492675
828 0.1247772516
828 0.0352444335
828 0.0547372122
829 -0.0672014245
829 -0.0785004536
829 -0.0687095535
830 0.1060208596
830 0.0214493089
830 0.0424818746
831 -0.0888140151
831 -0.0950080401
831 -0.0661798492
832 0.108056739
832 0.0106670681
832 0.0161245568
833 0.0817868003
833 0.0051532271
833 0.0266395954
834 0.0742919355
834 0.0353446016
834 0.0447514383
835 -0.0657101127
835 -0.0754566754
835 -0.0534135279
836 -0.0614785304
836 -0.0613211609
836 -0.0577703312
837 0.1264283876
837 0.038154618
837 0.0435360488
838 0.098780823
838 0.0697884089
838 0.0510854835
839 -0.0366263918
839 -0.0475556328
839 -0.0435144467
840 0.0031169191
840 -0.0334342077
840 -0.0116617122
841 -0.0010282399
841 -0.0398818069
841 -0.0173171524
842 -0.0009921448
842 -0.0350769952
842 -0.0134771047
843 -0.0061442917
843 -0.0421349601
843 -0.0197119556
844 -0.011672416
844 -0.0447574109
844 -0.0224359037
845 0.0689580935
845 0.0009330541
845 0.0204825907
846 -0.0175730871
846 -0.0477175752
846 -0.02546024
847 -0.0238099493
847 -0.050986148
847 -0.0287583006
848 0.1217932342
848 0.0360075593
848 0.0420468749
849 0.0965488742
849 0.0171359322
849 0.0344186753
850 -0.0303495115
850 -0.0545359085
850 -0.0323053351
851 0.1070657996
851 0.0187479559
851 0.0386397967
